0.179688 0.945312 0.312500	0.250000 0.929688 0.273438
0.179688 0.945312 0.328125	0.250000 0.929688 0.273438
0.179688 0.945312 0.328125	0.257812 0.929688 0.273438
0.179688 0.945312 0.328125	0.257812 0.921875 0.273438
0.179688 0.945312 0.328125	0.257812 0.921875 0.281250
0.187500 0.945312 0.328125	0.257812 0.921875 0.281250
0.187500 0.914062 0.328125	0.257812 0.921875 0.281250
0.187500 0.914062 0.335938	0.257812 0.921875 0.281250
0.187500 0.914062 0.335938	0.265625 0.921875 0.281250
0.187500 0.914062 0.335938	0.265625 0.898438 0.281250
0.187500 0.914062 0.335938	0.265625 0.898438 0.296875
0.187500 0.914062 0.335938	0.265625 0.898438 0.296875
0.187500 0.914062 0.335938	0.265625 0.898438 0.296875
0.187500 0.914062 0.335938	0.265625 0.898438 0.296875
0.187500 0.914062 0.335938	0.265625 0.898438 0.296875
0.179688 0.914062 0.335938	0.265625 0.898438 0.296875
0.179688 0.882812 0.335938	0.265625 0.898438 0.296875
0.179688 0.882812 0.343750	0.265625 0.898438 0.296875
0.179688 0.882812 0.343750	0.265625 0.898438 0.296875
0.179688 0.882812 0.343750	0.265625 0.875000 0.296875
0.179688 0.882812 0.343750	0.265625 0.875000 0.312500
0.187500 0.882812 0.343750	0.265625 0.875000 0.312500
0.187500 0.851562 0.343750	0.265625 0.875000 0.312500
0.187500 0.851562 0.343750	0.265625 0.875000 0.312500
0.187500 0.851562 0.343750	0.273438 0.875000 0.312500
0.187500 0.851562 0.343750	0.273438 0.820312 0.312500
0.187500 0.851562 0.343750	0.273438 0.820312 0.320312
0.195312 0.851562 0.343750	0.273438 0.820312 0.320312
0.195312 0.781250 0.343750	0.273438 0.820312 0.320312
0.195312 0.781250 0.359375	0.273438 0.820312 0.320312
0.195312 0.781250 0.359375	0.273438 0.820312 0.320312
0.195312 0.781250 0.359375	0.273438 0.773438 0.320312
0.195312 0.781250 0.359375	0.273438 0.773438 0.343750
0.195312 0.781250 0.359375	0.273438 0.773438 0.343750
0.195312 0.726562 0.359375	0.273438 0.773438 0.343750
0.195312 0.726562 0.359375	0.273438 0.773438 0.343750
0.195312 0.726562 0.359375	0.273438 0.773438 0.343750
0.195312 0.726562 0.359375	0.273438 0.718750 0.343750
0.195312 0.726562 0.359375	0.273438 0.718750 0.335938
0.203125 0.726562 0.359375	0.273438 0.718750 0.335938
0.203125 0.648438 0.359375	0.273438 0.718750 0.335938
0.203125 0.648438 0.375000	0.273438 0.718750 0.335938
0.203125 0.648438 0.375000	0.289062 0.718750 0.335938
0.203125 0.648438 0.375000	0.289062 0.640625 0.335938
0.203125 0.648438 0.375000	0.289062 0.640625 0.351562
0.203125 0.648438 0.375000	0.289062 0.640625 0.351562
0.203125 0.648438 0.375000	0.289062 0.640625 0.351562
0.203125 0.648438 0.375000	0.289062 0.640625 0.351562
0.203125 0.648438 0.375000	0.289062 0.640625 0.351562
0.210938 0.648438 0.375000	0.289062 0.640625 0.351562
0.210938 0.578125 0.375000	0.289062 0.640625 0.351562
0.210938 0.578125 0.367188	0.289062 0.640625 0.351562
0.210938 0.578125 0.367188	0.289062 0.640625 0.351562
0.210938 0.578125 0.367188	0.289062 0.562500 0.351562
0.210938 0.578125 0.367188	0.289062 0.562500 0.351562
0.226562 0.578125 0.367188	0.289062 0.562500 0.351562
0.226562 0.492188 0.367188	0.289062 0.562500 0.351562
0.226562 0.492188 0.367188	0.289062 0.562500 0.351562
0.226562 0.492188 0.367188	0.304688 0.562500 0.351562
0.226562 0.492188 0.367188	0.304688 0.484375 0.351562
0.226562 0.492188 0.367188	0.304688 0.484375 0.359375
0.234375 0.492188 0.367188	0.304688 0.484375 0.359375
0.234375 0.437500 0.367188	0.304688 0.484375 0.359375
0.234375 0.437500 0.367188	0.304688 0.484375 0.359375
0.234375 0.437500 0.367188	0.320312 0.484375 0.359375
0.234375 0.437500 0.367188	0.320312 0.414062 0.359375
0.234375 0.437500 0.367188	0.320312 0.414062 0.359375
0.242188 0.437500 0.367188	0.320312 0.414062 0.359375
0.242188 0.359375 0.367188	0.320312 0.414062 0.359375
0.242188 0.359375 0.367188	0.320312 0.414062 0.359375
0.242188 0.359375 0.367188	0.320312 0.414062 0.359375
0.242188 0.359375 0.367188	0.320312 0.351562 0.359375
0.242188 0.359375 0.367188	0.320312 0.351562 0.367188
0.257812 0.359375 0.367188	0.320312 0.351562 0.367188
0.257812 0.312500 0.367188	0.320312 0.351562 0.367188
0.257812 0.312500 0.375000	0.320312 0.351562 0.367188
0.257812 0.312500 0.375000	0.328125 0.351562 0.367188
0.257812 0.312500 0.375000	0.328125 0.289062 0.367188
0.257812 0.312500 0.375000	0.328125 0.289062 0.367188
0.257812 0.312500 0.375000	0.328125 0.289062 0.367188
0.257812 0.312500 0.375000	0.328125 0.289062 0.367188
0.257812 0.312500 0.375000	0.328125 0.289062 0.367188
0.257812 0.312500 0.375000	0.328125 0.289062 0.367188
0.250000 0.312500 0.375000	0.328125 0.289062 0.367188
0.250000 0.265625 0.375000	0.328125 0.289062 0.367188
0.250000 0.265625 0.367188	0.328125 0.289062 0.367188
0.250000 0.265625 0.367188	0.328125 0.289062 0.367188
0.250000 0.265625 0.367188	0.328125 0.242188 0.367188
0.250000 0.265625 0.367188	0.328125 0.242188 0.375000
0.257812 0.265625 0.367188	0.328125 0.242188 0.375000
0.257812 0.226562 0.367188	0.328125 0.242188 0.375000
0.257812 0.226562 0.375000	0.328125 0.242188 0.375000
0.257812 0.226562 0.375000	0.343750 0.242188 0.375000
0.257812 0.226562 0.375000	0.343750 0.203125 0.375000
0.257812 0.226562 0.375000	0.343750 0.203125 0.375000
0.265625 0.226562 0.375000	0.343750 0.203125 0.375000
0.265625 0.210938 0.375000	0.343750 0.203125 0.375000
0.265625 0.210938 0.375000	0.343750 0.203125 0.375000
0.265625 0.210938 0.375000	0.343750 0.203125 0.375000
0.265625 0.210938 0.375000	0.343750 0.187500 0.375000
0.265625 0.210938 0.375000	0.343750 0.187500 0.382812
0.273438 0.210938 0.375000	0.343750 0.187500 0.382812
0.273438 0.179688 0.375000	0.343750 0.187500 0.382812
0.273438 0.179688 0.375000	0.343750 0.187500 0.382812
0.273438 0.179688 0.375000	0.343750 0.187500 0.382812
0.273438 0.179688 0.375000	0.343750 0.171875 0.382812
0.273438 0.179688 0.375000	0.343750 0.171875 0.382812
0.273438 0.179688 0.375000	0.343750 0.171875 0.382812
0.273438 0.187500 0.375000	0.343750 0.171875 0.382812
0.273438 0.187500 0.375000	0.343750 0.171875 0.382812
0.273438 0.187500 0.375000	0.343750 0.171875 0.382812
0.273438 0.187500 0.375000	0.343750 0.156250 0.382812
0.273438 0.187500 0.375000	0.343750 0.156250 0.382812
0.273438 0.187500 0.375000	0.343750 0.156250 0.382812
0.273438 0.187500 0.375000	0.343750 0.156250 0.382812
0.273438 0.187500 0.375000	0.343750 0.156250 0.382812
0.273438 0.187500 0.375000	0.343750 0.156250 0.382812
0.273438 0.187500 0.375000	0.343750 0.156250 0.382812
0.273438 0.187500 0.375000	0.343750 0.156250 0.382812
0.273438 0.187500 0.375000	0.343750 0.156250 0.382812
0.273438 0.187500 0.375000	0.343750 0.156250 0.382812
0.273438 0.187500 0.375000	0.343750 0.156250 0.382812
0.273438 0.187500 0.375000	0.343750 0.156250 0.382812
0.273438 0.187500 0.375000	0.343750 0.156250 0.382812
0.273438 0.164062 0.375000	0.343750 0.156250 0.382812
0.273438 0.164062 0.375000	0.343750 0.156250 0.382812
0.273438 0.164062 0.375000	0.343750 0.156250 0.382812
0.273438 0.164062 0.375000	0.343750 0.164062 0.382812
0.273438 0.164062 0.375000	0.343750 0.164062 0.375000
0.273438 0.164062 0.375000	0.343750 0.164062 0.375000
0.273438 0.171875 0.375000	0.343750 0.164062 0.375000
0.273438 0.171875 0.375000	0.343750 0.164062 0.375000
0.273438 0.171875 0.375000	0.343750 0.164062 0.375000
0.273438 0.171875 0.375000	0.343750 0.156250 0.375000
0.273438 0.171875 0.375000	0.343750 0.156250 0.382812
0.281250 0.171875 0.375000	0.343750 0.156250 0.382812
0.281250 0.171875 0.375000	0.343750 0.156250 0.382812
0.281250 0.171875 0.375000	0.343750 0.156250 0.382812
0.281250 0.171875 0.375000	0.343750 0.156250 0.382812
0.281250 0.171875 0.375000	0.343750 0.164062 0.382812
0.281250 0.171875 0.375000	0.343750 0.164062 0.375000
0.273438 0.171875 0.375000	0.343750 0.164062 0.375000
0.273438 0.171875 0.375000	0.343750 0.164062 0.375000
0.273438 0.171875 0.375000	0.343750 0.164062 0.375000
0.273438 0.171875 0.375000	0.351562 0.164062 0.375000
0.273438 0.171875 0.375000	0.351562 0.156250 0.375000
0.273438 0.171875 0.375000	0.351562 0.156250 0.382812
0.273438 0.171875 0.375000	0.351562 0.156250 0.382812
0.273438 0.171875 0.375000	0.351562 0.156250 0.382812
0.273438 0.171875 0.375000	0.351562 0.156250 0.382812
0.273438 0.171875 0.375000	0.351562 0.156250 0.382812
0.281250 0.171875 0.375000	0.351562 0.156250 0.382812
0.281250 0.179688 0.375000	0.351562 0.156250 0.382812
0.281250 0.179688 0.375000	0.351562 0.156250 0.382812
0.281250 0.179688 0.375000	0.351562 0.156250 0.382812
0.281250 0.179688 0.375000	0.351562 0.148438 0.382812
0.281250 0.179688 0.375000	0.351562 0.148438 0.382812
0.273438 0.179688 0.375000	0.351562 0.148438 0.382812
0.273438 0.171875 0.375000	0.351562 0.148438 0.382812
0.273438 0.171875 0.375000	0.351562 0.148438 0.382812
0.273438 0.171875 0.375000	0.351562 0.148438 0.382812
0.273438 0.171875 0.375000	0.351562 0.156250 0.382812
0.273438 0.171875 0.375000	0.351562 0.156250 0.382812
0.273438 0.171875 0.375000	0.351562 0.156250 0.382812
0.273438 0.171875 0.375000	0.351562 0.156250 0.382812
0.273438 0.171875 0.375000	0.351562 0.156250 0.382812
0.273438 0.171875 0.375000	0.343750 0.156250 0.382812
0.273438 0.171875 0.375000	0.343750 0.164062 0.382812
0.273438 0.171875 0.375000	0.343750 0.164062 0.382812
0.281250 0.171875 0.375000	0.343750 0.164062 0.382812
0.281250 0.171875 0.375000	0.343750 0.164062 0.382812
0.281250 0.171875 0.375000	0.343750 0.164062 0.382812
0.281250 0.171875 0.375000	0.351562 0.164062 0.382812
0.281250 0.171875 0.375000	0.351562 0.148438 0.382812
0.281250 0.171875 0.375000	0.351562 0.148438 0.382812
0.273438 0.171875 0.375000	0.351562 0.148438 0.382812
0.273438 0.171875 0.375000	0.351562 0.148438 0.382812
0.273438 0.171875 0.375000	0.351562 0.148438 0.382812
0.273438 0.171875 0.375000	0.351562 0.148438 0.382812
0.273438 0.171875 0.375000	0.351562 0.140625 0.382812
0.273438 0.171875 0.375000	0.351562 0.140625 0.382812
0.273438 0.171875 0.375000	0.351562 0.140625 0.382812
0.273438 0.171875 0.375000	0.351562 0.140625 0.382812
0.273438 0.171875 0.375000	0.351562 0.140625 0.382812
0.273438 0.171875 0.375000	0.351562 0.140625 0.382812
0.273438 0.171875 0.375000	0.351562 0.140625 0.382812
0.273438 0.171875 0.375000	0.351562 0.140625 0.382812
0.273438 0.171875 0.375000	0.351562 0.140625 0.382812
0.273438 0.171875 0.375000	0.351562 0.140625 0.382812
0.273438 0.171875 0.375000	0.351562 0.148438 0.382812
0.273438 0.171875 0.375000	0.351562 0.148438 0.382812
0.273438 0.171875 0.375000	0.351562 0.148438 0.382812
0.273438 0.171875 0.375000	0.351562 0.148438 0.382812
0.273438 0.171875 0.375000	0.351562 0.148438 0.382812
0.273438 0.171875 0.375000	0.351562 0.148438 0.382812
0.273438 0.171875 0.375000	0.351562 0.156250 0.382812
0.273438 0.171875 0.375000	0.351562 0.156250 0.382812
0.273438 0.171875 0.375000	0.351562 0.156250 0.382812
0.273438 0.171875 0.375000	0.351562 0.156250 0.382812
0.273438 0.171875 0.375000	0.351562 0.156250 0.382812
0.273438 0.171875 0.375000	0.343750 0.156250 0.382812
0.273438 0.171875 0.375000	0.343750 0.164062 0.382812
0.273438 0.171875 0.375000	0.343750 0.164062 0.382812
0.273438 0.171875 0.375000	0.343750 0.164062 0.382812
0.273438 0.171875 0.375000	0.343750 0.164062 0.382812
0.273438 0.171875 0.375000	0.343750 0.164062 0.382812
0.273438 0.171875 0.375000	0.343750 0.164062 0.382812
0.273438 0.171875 0.375000	0.343750 0.148438 0.382812
0.273438 0.171875 0.375000	0.343750 0.148438 0.382812
0.273438 0.171875 0.375000	0.343750 0.148438 0.382812
0.273438 0.171875 0.375000	0.343750 0.148438 0.382812
0.273438 0.171875 0.375000	0.343750 0.148438 0.382812
0.273438 0.171875 0.375000	0.351562 0.148438 0.382812
0.273438 0.171875 0.375000	0.351562 0.164062 0.382812
0.273438 0.171875 0.375000	0.351562 0.164062 0.382812
0.273438 0.171875 0.375000	0.351562 0.164062 0.382812
0.273438 0.171875 0.375000	0.351562 0.164062 0.382812
0.273438 0.171875 0.375000	0.351562 0.164062 0.382812
0.273438 0.171875 0.375000	0.351562 0.164062 0.382812
0.273438 0.171875 0.375000	0.351562 0.164062 0.382812
0.273438 0.171875 0.375000	0.351562 0.164062 0.382812
0.273438 0.171875 0.375000	0.351562 0.164062 0.382812
0.273438 0.171875 0.375000	0.343750 0.164062 0.382812
0.273438 0.171875 0.375000	0.343750 0.156250 0.382812
0.273438 0.171875 0.375000	0.343750 0.156250 0.382812
0.273438 0.171875 0.375000	0.343750 0.156250 0.382812
0.273438 0.179688 0.375000	0.343750 0.156250 0.382812
0.273438 0.179688 0.375000	0.343750 0.156250 0.382812
0.273438 0.179688 0.375000	0.351562 0.156250 0.382812
0.273438 0.179688 0.375000	0.351562 0.156250 0.382812
0.273438 0.179688 0.375000	0.351562 0.156250 0.390625
0.273438 0.179688 0.375000	0.351562 0.156250 0.390625
0.273438 0.171875 0.375000	0.351562 0.156250 0.390625
0.273438 0.171875 0.375000	0.351562 0.156250 0.390625
0.273438 0.171875 0.375000	0.343750 0.156250 0.390625
0.273438 0.171875 0.375000	0.343750 0.140625 0.390625
0.273438 0.171875 0.375000	0.343750 0.140625 0.382812
0.281250 0.171875 0.375000	0.343750 0.140625 0.382812
0.281250 0.171875 0.375000	0.343750 0.140625 0.382812
0.281250 0.171875 0.375000	0.343750 0.140625 0.382812
0.281250 0.171875 0.375000	0.351562 0.140625 0.382812
0.281250 0.171875 0.375000	0.351562 0.140625 0.382812
0.281250 0.171875 0.375000	0.351562 0.140625 0.382812
0.273438 0.171875 0.375000	0.351562 0.140625 0.382812
0.273438 0.171875 0.375000	0.351562 0.140625 0.382812
0.273438 0.171875 0.375000	0.351562 0.140625 0.382812
0.273438 0.171875 0.375000	0.351562 0.140625 0.382812
0.273438 0.171875 0.375000	0.351562 0.156250 0.382812
0.273438 0.171875 0.375000	0.351562 0.156250 0.382812
0.273438 0.171875 0.375000	0.351562 0.156250 0.382812
0.273438 0.171875 0.375000	0.351562 0.156250 0.382812
0.273438 0.171875 0.375000	0.351562 0.156250 0.382812
0.273438 0.171875 0.375000	0.351562 0.156250 0.382812
0.281250 0.171875 0.375000	0.351562 0.156250 0.382812
0.281250 0.179688 0.375000	0.351562 0.156250 0.382812
0.281250 0.179688 0.375000	0.351562 0.156250 0.382812
0.281250 0.179688 0.375000	0.359375 0.156250 0.382812
0.281250 0.179688 0.375000	0.359375 0.140625 0.382812
0.281250 0.179688 0.375000	0.359375 0.140625 0.382812
0.281250 0.179688 0.375000	0.359375 0.140625 0.382812
0.281250 0.164062 0.375000	0.359375 0.140625 0.382812
0.281250 0.164062 0.367188	0.359375 0.140625 0.382812
0.281250 0.164062 0.367188	0.351562 0.140625 0.382812
0.281250 0.164062 0.367188	0.351562 0.156250 0.382812
0.281250 0.164062 0.367188	0.351562 0.156250 0.382812
0.281250 0.164062 0.367188	0.351562 0.156250 0.382812
0.281250 0.179688 0.367188	0.351562 0.156250 0.382812
0.281250 0.179688 0.367188	0.351562 0.156250 0.382812
0.281250 0.179688 0.367188	0.351562 0.156250 0.382812
0.281250 0.179688 0.367188	0.351562 0.148438 0.382812
0.281250 0.179688 0.367188	0.351562 0.148438 0.382812
0.281250 0.179688 0.367188	0.351562 0.148438 0.382812
0.281250 0.179688 0.367188	0.351562 0.148438 0.382812
0.281250 0.179688 0.375000	0.351562 0.148438 0.382812
0.281250 0.179688 0.375000	0.351562 0.148438 0.382812
0.281250 0.179688 0.375000	0.351562 0.148438 0.382812
0.281250 0.179688 0.375000	0.351562 0.148438 0.382812
0.273438 0.179688 0.375000	0.351562 0.148438 0.382812
0.273438 0.164062 0.375000	0.351562 0.148438 0.382812
0.273438 0.164062 0.367188	0.351562 0.148438 0.382812
0.273438 0.164062 0.367188	0.343750 0.148438 0.382812
0.273438 0.164062 0.367188	0.343750 0.148438 0.382812
0.273438 0.164062 0.367188	0.343750 0.148438 0.382812
0.273438 0.164062 0.367188	0.343750 0.148438 0.382812
0.273438 0.164062 0.367188	0.343750 0.148438 0.382812
0.273438 0.164062 0.367188	0.343750 0.148438 0.382812
0.273438 0.164062 0.367188	0.343750 0.148438 0.382812
0.281250 0.164062 0.367188	0.343750 0.148438 0.382812
0.281250 0.171875 0.367188	0.343750 0.148438 0.382812
0.281250 0.171875 0.367188	0.343750 0.148438 0.382812
0.281250 0.171875 0.367188	0.343750 0.148438 0.382812
0.281250 0.171875 0.367188	0.343750 0.171875 0.382812
0.281250 0.171875 0.367188	0.343750 0.171875 0.375000
0.273438 0.171875 0.367188	0.343750 0.171875 0.375000
0.273438 0.195312 0.367188	0.343750 0.171875 0.375000
0.273438 0.195312 0.367188	0.343750 0.171875 0.375000
0.273438 0.195312 0.367188	0.351562 0.171875 0.375000
0.273438 0.195312 0.367188	0.351562 0.164062 0.375000
0.273438 0.195312 0.367188	0.351562 0.164062 0.382812
0.273438 0.195312 0.367188	0.351562 0.164062 0.382812
0.273438 0.187500 0.367188	0.351562 0.164062 0.382812
0.273438 0.187500 0.367188	0.351562 0.164062 0.382812
0.273438 0.187500 0.367188	0.343750 0.164062 0.382812
0.273438 0.187500 0.367188	0.343750 0.156250 0.382812
0.273438 0.187500 0.367188	0.343750 0.156250 0.375000
0.281250 0.187500 0.367188	0.343750 0.156250 0.375000
0.281250 0.187500 0.367188	0.343750 0.156250 0.375000
0.281250 0.187500 0.367188	0.343750 0.156250 0.375000
0.281250 0.187500 0.367188	0.351562 0.156250 0.375000
0.281250 0.187500 0.367188	0.351562 0.164062 0.375000
0.281250 0.187500 0.367188	0.351562 0.164062 0.375000
0.273438 0.187500 0.367188	0.351562 0.164062 0.375000
0.273438 0.195312 0.367188	0.351562 0.164062 0.375000
0.273438 0.195312 0.367188	0.351562 0.164062 0.375000
0.273438 0.195312 0.367188	0.351562 0.164062 0.375000
0.273438 0.195312 0.367188	0.351562 0.171875 0.375000
0.273438 0.195312 0.367188	0.351562 0.171875 0.375000
0.273438 0.195312 0.367188	0.351562 0.171875 0.375000
0.273438 0.195312 0.367188	0.351562 0.171875 0.375000
0.273438 0.195312 0.367188	0.351562 0.171875 0.375000
0.273438 0.195312 0.367188	0.351562 0.171875 0.375000
0.281250 0.195312 0.367188	0.351562 0.171875 0.375000
0.281250 0.210938 0.367188	0.351562 0.171875 0.375000
0.281250 0.210938 0.367188	0.351562 0.171875 0.375000
0.281250 0.210938 0.367188	0.359375 0.171875 0.375000
0.281250 0.210938 0.367188	0.359375 0.179688 0.375000
0.281250 0.210938 0.367188	0.359375 0.179688 0.367188
0.289062 0.210938 0.367188	0.359375 0.179688 0.367188
0.289062 0.226562 0.367188	0.359375 0.179688 0.367188
0.289062 0.226562 0.367188	0.359375 0.179688 0.367188
0.289062 0.226562 0.367188	0.359375 0.179688 0.367188
0.289062 0.226562 0.367188	0.359375 0.210938 0.367188
0.289062 0.226562 0.367188	0.359375 0.210938 0.375000
0.281250 0.226562 0.367188	0.359375 0.210938 0.375000
0.281250 0.242188 0.367188	0.359375 0.210938 0.375000
0.281250 0.242188 0.375000	0.359375 0.210938 0.375000
0.281250 0.242188 0.375000	0.359375 0.210938 0.375000
0.281250 0.242188 0.375000	0.359375 0.226562 0.375000
0.281250 0.242188 0.375000	0.359375 0.226562 0.375000
0.281250 0.242188 0.375000	0.359375 0.226562 0.375000
0.281250 0.265625 0.375000	0.359375 0.226562 0.375000
0.281250 0.265625 0.375000	0.359375 0.226562 0.375000
0.281250 0.265625 0.375000	0.359375 0.226562 0.375000
0.281250 0.265625 0.375000	0.359375 0.234375 0.375000
0.281250 0.265625 0.375000	0.359375 0.234375 0.375000
0.273438 0.265625 0.375000	0.359375 0.234375 0.375000
0.273438 0.273438 0.375000	0.359375 0.234375 0.375000
0.273438 0.273438 0.375000	0.359375 0.234375 0.375000
0.273438 0.273438 0.375000	0.351562 0.234375 0.375000
0.273438 0.273438 0.375000	0.351562 0.281250 0.375000
0.273438 0.273438 0.375000	0.351562 0.281250 0.375000
0.273438 0.273438 0.375000	0.351562 0.281250 0.375000
0.273438 0.273438 0.375000	0.351562 0.281250 0.375000
0.273438 0.273438 0.375000	0.351562 0.281250 0.375000
0.273438 0.273438 0.375000	0.351562 0.281250 0.375000
0.273438 0.273438 0.375000	0.351562 0.281250 0.375000
0.273438 0.320312 0.375000	0.351562 0.281250 0.375000
0.273438 0.320312 0.382812	0.351562 0.281250 0.375000
0.273438 0.320312 0.382812	0.351562 0.281250 0.375000
0.273438 0.320312 0.382812	0.351562 0.312500 0.375000
0.273438 0.320312 0.382812	0.351562 0.312500 0.375000
0.273438 0.320312 0.382812	0.351562 0.312500 0.375000
0.273438 0.351562 0.382812	0.351562 0.312500 0.375000
0.273438 0.351562 0.382812	0.351562 0.312500 0.375000
0.273438 0.351562 0.382812	0.351562 0.312500 0.375000
0.273438 0.351562 0.382812	0.351562 0.351562 0.375000
0.273438 0.351562 0.382812	0.351562 0.351562 0.375000
0.281250 0.351562 0.382812	0.351562 0.351562 0.375000
0.281250 0.382812 0.382812	0.351562 0.351562 0.375000
0.281250 0.382812 0.382812	0.351562 0.351562 0.375000
0.281250 0.382812 0.382812	0.359375 0.351562 0.375000
0.281250 0.382812 0.382812	0.359375 0.382812 0.375000
0.281250 0.382812 0.382812	0.359375 0.382812 0.375000
0.273438 0.382812 0.382812	0.359375 0.382812 0.375000
0.273438 0.429688 0.382812	0.359375 0.382812 0.375000
0.273438 0.429688 0.382812	0.359375 0.382812 0.375000
0.273438 0.429688 0.382812	0.351562 0.382812 0.375000
0.273438 0.429688 0.382812	0.351562 0.421875 0.375000
0.273438 0.429688 0.382812	0.351562 0.421875 0.367188
0.273438 0.429688 0.382812	0.351562 0.421875 0.367188
0.273438 0.429688 0.382812	0.351562 0.421875 0.367188
0.273438 0.429688 0.382812	0.351562 0.421875 0.367188
0.273438 0.429688 0.382812	0.351562 0.421875 0.367188
0.281250 0.429688 0.382812	0.351562 0.421875 0.367188
0.281250 0.468750 0.382812	0.351562 0.421875 0.367188
0.281250 0.468750 0.390625	0.351562 0.421875 0.367188
0.281250 0.468750 0.390625	0.351562 0.421875 0.367188
0.281250 0.468750 0.390625	0.351562 0.460938 0.367188
0.281250 0.468750 0.390625	0.351562 0.460938 0.375000
0.273438 0.468750 0.390625	0.351562 0.460938 0.375000
0.273438 0.523438 0.390625	0.351562 0.460938 0.375000
0.273438 0.523438 0.390625	0.351562 0.460938 0.375000
0.273438 0.523438 0.390625	0.351562 0.460938 0.375000
0.273438 0.523438 0.390625	0.351562 0.500000 0.375000
0.273438 0.523438 0.390625	0.351562 0.500000 0.382812
0.273438 0.523438 0.390625	0.351562 0.500000 0.382812
0.273438 0.554688 0.390625	0.351562 0.500000 0.382812
0.273438 0.554688 0.390625	0.351562 0.500000 0.382812
0.273438 0.554688 0.390625	0.343750 0.500000 0.382812
0.273438 0.554688 0.390625	0.343750 0.539062 0.382812
0.273438 0.554688 0.390625	0.343750 0.539062 0.359375
0.265625 0.554688 0.390625	0.343750 0.539062 0.359375
0.265625 0.593750 0.390625	0.343750 0.539062 0.359375
0.265625 0.593750 0.382812	0.343750 0.539062 0.359375
0.265625 0.593750 0.382812	0.343750 0.539062 0.359375
0.265625 0.593750 0.382812	0.343750 0.593750 0.359375
0.265625 0.593750 0.382812	0.343750 0.593750 0.359375
0.273438 0.593750 0.382812	0.343750 0.593750 0.359375
0.273438 0.640625 0.382812	0.343750 0.593750 0.359375
0.273438 0.640625 0.382812	0.343750 0.593750 0.359375
0.273438 0.640625 0.382812	0.351562 0.593750 0.359375
0.273438 0.640625 0.382812	0.351562 0.640625 0.359375
0.273438 0.640625 0.382812	0.351562 0.640625 0.351562
0.273438 0.640625 0.382812	0.351562 0.640625 0.351562
0.273438 0.640625 0.382812	0.351562 0.640625 0.351562
0.273438 0.640625 0.382812	0.351562 0.640625 0.351562
0.273438 0.640625 0.382812	0.351562 0.640625 0.351562
0.273438 0.640625 0.382812	0.351562 0.640625 0.351562
0.273438 0.679688 0.382812	0.351562 0.640625 0.351562
0.273438 0.679688 0.375000	0.351562 0.640625 0.351562
0.273438 0.679688 0.375000	0.359375 0.640625 0.351562
0.273438 0.679688 0.375000	0.359375 0.687500 0.351562
0.273438 0.679688 0.375000	0.359375 0.687500 0.351562
0.289062 0.679688 0.375000	0.359375 0.687500 0.351562
0.289062 0.734375 0.375000	0.359375 0.687500 0.351562
0.289062 0.734375 0.375000	0.359375 0.687500 0.351562
0.289062 0.734375 0.375000	0.367188 0.687500 0.351562
0.289062 0.734375 0.375000	0.367188 0.695312 0.351562
0.289062 0.734375 0.375000	0.367188 0.695312 0.351562
0.296875 0.734375 0.375000	0.367188 0.695312 0.351562
0.296875 0.765625 0.375000	0.367188 0.695312 0.351562
0.296875 0.765625 0.375000	0.367188 0.695312 0.351562
0.296875 0.765625 0.375000	0.367188 0.695312 0.351562
0.296875 0.765625 0.375000	0.367188 0.757812 0.351562
0.296875 0.765625 0.375000	0.367188 0.757812 0.351562
0.289062 0.765625 0.375000	0.367188 0.757812 0.351562
0.289062 0.796875 0.375000	0.367188 0.757812 0.351562
0.289062 0.796875 0.390625	0.367188 0.757812 0.351562
0.289062 0.796875 0.390625	0.367188 0.757812 0.351562
0.289062 0.796875 0.390625	0.367188 0.789062 0.351562
0.289062 0.796875 0.390625	0.367188 0.789062 0.359375
0.281250 0.796875 0.390625	0.367188 0.789062 0.359375
0.281250 0.820312 0.390625	0.367188 0.789062 0.359375
0.281250 0.820312 0.398438	0.367188 0.789062 0.359375
0.281250 0.820312 0.398438	0.367188 0.789062 0.359375
0.281250 0.820312 0.398438	0.367188 0.804688 0.359375
0.281250 0.820312 0.398438	0.367188 0.804688 0.351562
0.281250 0.820312 0.398438	0.367188 0.804688 0.351562
0.281250 0.820312 0.398438	0.367188 0.804688 0.351562
0.281250 0.820312 0.398438	0.367188 0.804688 0.351562
0.281250 0.820312 0.398438	0.367188 0.804688 0.351562
0.281250 0.820312 0.398438	0.367188 0.804688 0.351562
0.281250 0.820312 0.398438	0.367188 0.804688 0.351562
0.281250 0.820312 0.390625	0.367188 0.804688 0.351562
0.281250 0.820312 0.390625	0.359375 0.804688 0.351562
0.281250 0.820312 0.390625	0.359375 0.828125 0.351562
0.281250 0.820312 0.390625	0.359375 0.828125 0.351562
0.273438 0.820312 0.390625	0.359375 0.828125 0.351562
0.273438 0.851562 0.390625	0.359375 0.828125 0.351562
0.273438 0.851562 0.382812	0.359375 0.828125 0.351562
0.273438 0.851562 0.382812	0.351562 0.828125 0.351562
0.273438 0.851562 0.382812	0.351562 0.835938 0.351562
0.273438 0.851562 0.382812	0.351562 0.835938 0.351562
0.281250 0.851562 0.382812	0.351562 0.835938 0.351562
0.281250 0.859375 0.382812	0.351562 0.835938 0.351562
0.281250 0.859375 0.390625	0.351562 0.835938 0.351562
0.281250 0.859375 0.390625	0.351562 0.835938 0.351562
0.281250 0.859375 0.390625	0.351562 0.851562 0.351562
0.281250 0.859375 0.390625	0.351562 0.851562 0.351562
0.273438 0.859375 0.390625	0.351562 0.851562 0.351562
0.273438 0.867188 0.390625	0.351562 0.851562 0.351562
0.273438 0.867188 0.390625	0.351562 0.851562 0.351562
0.273438 0.867188 0.390625	0.351562 0.851562 0.351562
0.273438 0.867188 0.390625	0.351562 0.859375 0.351562
0.273438 0.867188 0.390625	0.351562 0.859375 0.351562
0.265625 0.867188 0.390625	0.351562 0.859375 0.351562
0.265625 0.867188 0.390625	0.351562 0.859375 0.351562
0.265625 0.867188 0.390625	0.351562 0.859375 0.351562
0.265625 0.867188 0.390625	0.343750 0.859375 0.351562
0.265625 0.867188 0.390625	0.343750 0.851562 0.351562
0.265625 0.867188 0.390625	0.343750 0.851562 0.351562
0.265625 0.867188 0.390625	0.343750 0.851562 0.351562
0.265625 0.867188 0.390625	0.343750 0.851562 0.351562
0.265625 0.867188 0.390625	0.343750 0.851562 0.351562
0.265625 0.867188 0.390625	0.343750 0.851562 0.351562
0.273438 0.867188 0.390625	0.343750 0.851562 0.351562
0.273438 0.875000 0.390625	0.343750 0.851562 0.351562
0.273438 0.875000 0.390625	0.343750 0.851562 0.351562
0.273438 0.875000 0.390625	0.343750 0.851562 0.351562
0.273438 0.875000 0.390625	0.343750 0.851562 0.351562
0.273438 0.875000 0.390625	0.343750 0.851562 0.351562
0.265625 0.875000 0.390625	0.343750 0.851562 0.351562
0.265625 0.867188 0.390625	0.343750 0.851562 0.351562
0.265625 0.867188 0.382812	0.343750 0.851562 0.351562
0.265625 0.867188 0.382812	0.351562 0.851562 0.351562
0.265625 0.867188 0.382812	0.351562 0.859375 0.351562
0.265625 0.867188 0.382812	0.351562 0.859375 0.343750
0.281250 0.867188 0.382812	0.351562 0.859375 0.343750
0.281250 0.875000 0.382812	0.351562 0.859375 0.343750
0.281250 0.875000 0.382812	0.351562 0.859375 0.343750
0.281250 0.875000 0.382812	0.351562 0.859375 0.343750
0.281250 0.875000 0.382812	0.351562 0.851562 0.343750
0.281250 0.875000 0.382812	0.351562 0.851562 0.343750
0.281250 0.875000 0.382812	0.351562 0.851562 0.343750
0.281250 0.867188 0.382812	0.351562 0.851562 0.343750
0.281250 0.867188 0.375000	0.351562 0.851562 0.343750
0.281250 0.867188 0.375000	0.367188 0.851562 0.343750
0.281250 0.867188 0.375000	0.367188 0.859375 0.343750
0.281250 0.867188 0.375000	0.367188 0.859375 0.335938
0.304688 0.867188 0.375000	0.367188 0.859375 0.335938
0.304688 0.890625 0.375000	0.367188 0.859375 0.335938
0.304688 0.890625 0.367188	0.367188 0.859375 0.335938
0.304688 0.890625 0.367188	0.382812 0.859375 0.335938
0.304688 0.890625 0.367188	0.382812 0.859375 0.335938
0.304688 0.890625 0.367188	0.382812 0.859375 0.328125
0.304688 0.890625 0.367188	0.382812 0.859375 0.328125
0.304688 0.890625 0.367188	0.382812 0.859375 0.328125
0.304688 0.890625 0.367188	0.382812 0.859375 0.328125
0.304688 0.890625 0.367188	0.382812 0.859375 0.328125
0.335938 0.890625 0.367188	0.382812 0.859375 0.328125
0.335938 0.898438 0.367188	0.382812 0.859375 0.328125
0.335938 0.898438 0.367188	0.382812 0.859375 0.328125
0.335938 0.898438 0.367188	0.421875 0.859375 0.328125
0.335938 0.898438 0.367188	0.421875 0.882812 0.328125
0.335938 0.898438 0.367188	0.421875 0.882812 0.320312
0.390625 0.898438 0.367188	0.421875 0.882812 0.320312
0.390625 0.929688 0.367188	0.421875 0.882812 0.320312
0.390625 0.929688 0.367188	0.421875 0.882812 0.320312
0.390625 0.929688 0.367188	0.476562 0.882812 0.320312
0.390625 0.929688 0.367188	0.476562 0.898438 0.320312
0.390625 0.929688 0.367188	0.476562 0.898438 0.328125
0.445312 0.929688 0.367188	0.476562 0.898438 0.328125
0.445312 0.937500 0.367188	0.476562 0.898438 0.328125
0.445312 0.937500 0.367188	0.476562 0.898438 0.328125
0.445312 0.937500 0.367188	0.515625 0.898438 0.328125
0.445312 0.937500 0.367188	0.515625 0.906250 0.328125
0.445312 0.937500 0.367188	0.515625 0.906250 0.335938
0.484375 0.937500 0.367188	0.515625 0.906250 0.335938
0.484375 0.960938 0.367188	0.515625 0.906250 0.335938
0.484375 0.960938 0.367188	0.515625 0.906250 0.335938
0.484375 0.960938 0.367188	0.562500 0.906250 0.335938
0.484375 0.960938 0.367188	0.562500 0.914062 0.335938
0.484375 0.960938 0.367188	0.562500 0.914062 0.328125
0.531250 0.960938 0.367188	0.562500 0.914062 0.328125
0.531250 0.953125 0.367188	0.562500 0.914062 0.328125
0.531250 0.953125 0.367188	0.562500 0.914062 0.328125
0.531250 0.953125 0.367188	0.601562 0.914062 0.328125
0.531250 0.953125 0.367188	0.601562 0.921875 0.328125
0.531250 0.953125 0.367188	0.601562 0.921875 0.320312
0.531250 0.953125 0.367188	0.601562 0.921875 0.320312
0.531250 0.953125 0.367188	0.601562 0.921875 0.320312
0.531250 0.953125 0.367188	0.601562 0.921875 0.320312
0.531250 0.953125 0.367188	0.601562 0.921875 0.320312
0.562500 0.953125 0.367188	0.601562 0.921875 0.320312
0.562500 0.953125 0.367188	0.601562 0.921875 0.320312
0.562500 0.953125 0.359375	0.601562 0.921875 0.320312
0.562500 0.953125 0.359375	0.640625 0.921875 0.320312
0.562500 0.953125 0.359375	0.640625 0.898438 0.320312
0.562500 0.953125 0.359375	0.640625 0.898438 0.312500
0.617188 0.953125 0.359375	0.640625 0.898438 0.312500
0.617188 0.968750 0.359375	0.640625 0.898438 0.312500
0.617188 0.968750 0.375000	0.640625 0.898438 0.312500
0.617188 0.968750 0.375000	0.679688 0.898438 0.312500
0.617188 0.968750 0.375000	0.679688 0.914062 0.312500
0.617188 0.968750 0.375000	0.679688 0.914062 0.335938
0.648438 0.968750 0.375000	0.679688 0.914062 0.335938
0.648438 0.960938 0.375000	0.679688 0.914062 0.335938
0.648438 0.960938 0.375000	0.679688 0.914062 0.335938
0.648438 0.960938 0.375000	0.710938 0.914062 0.335938
0.648438 0.960938 0.375000	0.710938 0.906250 0.335938
0.648438 0.960938 0.375000	0.710938 0.906250 0.343750
0.671875 0.960938 0.375000	0.710938 0.906250 0.343750
0.671875 0.945312 0.375000	0.710938 0.906250 0.343750
0.671875 0.945312 0.382812	0.710938 0.906250 0.343750
0.671875 0.945312 0.382812	0.742188 0.906250 0.343750
0.671875 0.945312 0.382812	0.742188 0.890625 0.343750
0.671875 0.945312 0.382812	0.742188 0.890625 0.351562
0.710938 0.945312 0.382812	0.742188 0.890625 0.351562
0.710938 0.929688 0.382812	0.742188 0.890625 0.351562
0.710938 0.929688 0.390625	0.742188 0.890625 0.351562
0.710938 0.929688 0.390625	0.773438 0.890625 0.351562
0.710938 0.929688 0.390625	0.773438 0.875000 0.351562
0.710938 0.929688 0.390625	0.773438 0.875000 0.359375
0.710938 0.929688 0.390625	0.773438 0.875000 0.359375
0.710938 0.929688 0.390625	0.773438 0.875000 0.359375
0.710938 0.929688 0.390625	0.773438 0.875000 0.359375
0.710938 0.929688 0.390625	0.773438 0.875000 0.359375
0.734375 0.929688 0.390625	0.773438 0.875000 0.359375
0.734375 0.898438 0.390625	0.773438 0.875000 0.359375
0.734375 0.898438 0.390625	0.773438 0.875000 0.359375
0.734375 0.898438 0.390625	0.789062 0.875000 0.359375
0.734375 0.898438 0.390625	0.789062 0.835938 0.359375
0.734375 0.898438 0.390625	0.789062 0.835938 0.367188
0.742188 0.898438 0.390625	0.789062 0.835938 0.367188
0.742188 0.875000 0.390625	0.789062 0.835938 0.367188
0.742188 0.875000 0.406250	0.789062 0.835938 0.367188
0.742188 0.875000 0.406250	0.796875 0.835938 0.367188
0.742188 0.875000 0.406250	0.796875 0.812500 0.367188
0.742188 0.875000 0.406250	0.796875 0.812500 0.375000
0.742188 0.875000 0.406250	0.796875 0.812500 0.375000
0.742188 0.843750 0.406250	0.796875 0.812500 0.375000
0.742188 0.843750 0.406250	0.796875 0.812500 0.375000
0.742188 0.843750 0.406250	0.796875 0.812500 0.375000
0.742188 0.843750 0.406250	0.796875 0.765625 0.375000
0.742188 0.843750 0.406250	0.796875 0.765625 0.382812
0.734375 0.843750 0.406250	0.796875 0.765625 0.382812
0.734375 0.796875 0.406250	0.796875 0.765625 0.382812
0.734375 0.796875 0.406250	0.796875 0.765625 0.382812
0.734375 0.796875 0.406250	0.796875 0.765625 0.382812
0.734375 0.796875 0.406250	0.796875 0.742188 0.382812
0.734375 0.796875 0.406250	0.796875 0.742188 0.382812
0.726562 0.796875 0.406250	0.796875 0.742188 0.382812
0.726562 0.757812 0.406250	0.796875 0.742188 0.382812
0.726562 0.757812 0.414062	0.796875 0.742188 0.382812
0.726562 0.757812 0.414062	0.781250 0.742188 0.382812
0.726562 0.757812 0.414062	0.781250 0.695312 0.382812
0.726562 0.757812 0.414062	0.781250 0.695312 0.390625
0.726562 0.757812 0.414062	0.781250 0.695312 0.390625
0.726562 0.757812 0.414062	0.781250 0.695312 0.390625
0.726562 0.757812 0.414062	0.781250 0.695312 0.390625
0.726562 0.757812 0.414062	0.781250 0.695312 0.390625
0.695312 0.757812 0.414062	0.781250 0.695312 0.390625
0.695312 0.726562 0.414062	0.781250 0.695312 0.390625
0.695312 0.726562 0.406250	0.781250 0.695312 0.390625
0.695312 0.726562 0.406250	0.757812 0.695312 0.390625
0.695312 0.726562 0.406250	0.757812 0.656250 0.390625
0.695312 0.726562 0.406250	0.757812 0.656250 0.390625
0.664062 0.726562 0.406250	0.757812 0.656250 0.390625
0.664062 0.695312 0.406250	0.757812 0.656250 0.390625
0.664062 0.695312 0.414062	0.757812 0.656250 0.390625
0.664062 0.695312 0.414062	0.726562 0.656250 0.390625
0.664062 0.695312 0.414062	0.726562 0.625000 0.390625
0.664062 0.695312 0.414062	0.726562 0.625000 0.398438
0.617188 0.695312 0.414062	0.726562 0.625000 0.398438
0.617188 0.656250 0.414062	0.726562 0.625000 0.398438
0.617188 0.656250 0.421875	0.726562 0.625000 0.398438
0.617188 0.656250 0.421875	0.671875 0.625000 0.398438
0.617188 0.656250 0.421875	0.671875 0.601562 0.398438
0.617188 0.656250 0.421875	0.671875 0.601562 0.406250
0.578125 0.656250 0.421875	0.671875 0.601562 0.406250
0.578125 0.632812 0.421875	0.671875 0.601562 0.406250
0.578125 0.632812 0.421875	0.671875 0.601562 0.406250
0.578125 0.632812 0.421875	0.640625 0.601562 0.406250
0.578125 0.632812 0.421875	0.640625 0.570312 0.406250
0.578125 0.632812 0.421875	0.640625 0.570312 0.406250
0.539062 0.632812 0.421875	0.640625 0.570312 0.406250
0.539062 0.601562 0.421875	0.640625 0.570312 0.406250
0.539062 0.601562 0.421875	0.640625 0.570312 0.406250
0.539062 0.601562 0.421875	0.609375 0.570312 0.406250
0.539062 0.601562 0.421875	0.609375 0.546875 0.406250
0.539062 0.601562 0.421875	0.609375 0.546875 0.414062
0.539062 0.601562 0.421875	0.609375 0.546875 0.414062
0.539062 0.601562 0.421875	0.609375 0.546875 0.414062
0.539062 0.601562 0.421875	0.609375 0.546875 0.414062
0.539062 0.601562 0.421875	0.609375 0.546875 0.414062
0.507812 0.601562 0.421875	0.609375 0.546875 0.414062
0.507812 0.570312 0.421875	0.609375 0.546875 0.414062
0.507812 0.570312 0.414062	0.609375 0.546875 0.414062
0.507812 0.570312 0.414062	0.578125 0.546875 0.414062
0.507812 0.570312 0.414062	0.578125 0.539062 0.414062
0.507812 0.570312 0.414062	0.578125 0.539062 0.414062
0.492188 0.570312 0.414062	0.578125 0.539062 0.414062
0.492188 0.562500 0.414062	0.578125 0.539062 0.414062
0.492188 0.562500 0.421875	0.578125 0.539062 0.414062
0.492188 0.562500 0.421875	0.562500 0.539062 0.414062
0.492188 0.562500 0.421875	0.562500 0.523438 0.414062
0.492188 0.562500 0.421875	0.562500 0.523438 0.414062
0.492188 0.562500 0.421875	0.562500 0.523438 0.414062
0.492188 0.570312 0.421875	0.562500 0.523438 0.414062
0.492188 0.570312 0.414062	0.562500 0.523438 0.414062
0.492188 0.570312 0.414062	0.562500 0.523438 0.414062
0.492188 0.570312 0.414062	0.562500 0.515625 0.414062
0.492188 0.570312 0.414062	0.562500 0.515625 0.421875
0.500000 0.570312 0.414062	0.562500 0.515625 0.421875
0.500000 0.554688 0.414062	0.562500 0.515625 0.421875
0.500000 0.554688 0.421875	0.562500 0.515625 0.421875
0.500000 0.554688 0.421875	0.570312 0.515625 0.421875
0.500000 0.554688 0.421875	0.570312 0.507812 0.421875
0.500000 0.554688 0.421875	0.570312 0.507812 0.421875
0.492188 0.554688 0.421875	0.570312 0.507812 0.421875
0.492188 0.554688 0.421875	0.570312 0.507812 0.421875
0.492188 0.554688 0.421875	0.570312 0.507812 0.421875
0.492188 0.554688 0.421875	0.562500 0.507812 0.421875
0.492188 0.554688 0.421875	0.562500 0.515625 0.421875
0.492188 0.554688 0.421875	0.562500 0.515625 0.421875
0.492188 0.554688 0.421875	0.562500 0.515625 0.421875
0.492188 0.554688 0.421875	0.562500 0.515625 0.421875
0.492188 0.554688 0.421875	0.562500 0.515625 0.421875
0.492188 0.554688 0.421875	0.562500 0.515625 0.421875
0.492188 0.554688 0.421875	0.562500 0.515625 0.421875
0.492188 0.570312 0.421875	0.562500 0.515625 0.421875
0.492188 0.570312 0.421875	0.562500 0.515625 0.421875
0.492188 0.570312 0.421875	0.562500 0.515625 0.421875
0.492188 0.570312 0.421875	0.562500 0.523438 0.421875
0.492188 0.570312 0.421875	0.562500 0.523438 0.421875
0.500000 0.570312 0.421875	0.562500 0.523438 0.421875
0.500000 0.578125 0.421875	0.562500 0.523438 0.421875
0.500000 0.578125 0.421875	0.562500 0.523438 0.421875
0.500000 0.578125 0.421875	0.570312 0.523438 0.421875
0.500000 0.578125 0.421875	0.570312 0.523438 0.421875
0.500000 0.578125 0.421875	0.570312 0.523438 0.414062
0.500000 0.578125 0.421875	0.570312 0.523438 0.414062
0.500000 0.562500 0.421875	0.570312 0.523438 0.414062
0.500000 0.562500 0.421875	0.570312 0.523438 0.414062
0.500000 0.562500 0.421875	0.570312 0.523438 0.414062
0.500000 0.562500 0.421875	0.570312 0.531250 0.414062
0.500000 0.562500 0.421875	0.570312 0.531250 0.414062
0.507812 0.562500 0.421875	0.570312 0.531250 0.414062
0.507812 0.578125 0.421875	0.570312 0.531250 0.414062
0.507812 0.578125 0.421875	0.570312 0.531250 0.414062
0.507812 0.578125 0.421875	0.578125 0.531250 0.414062
0.507812 0.578125 0.421875	0.578125 0.531250 0.414062
0.507812 0.578125 0.421875	0.578125 0.531250 0.406250
0.507812 0.578125 0.421875	0.578125 0.531250 0.406250
0.507812 0.562500 0.421875	0.578125 0.531250 0.406250
0.507812 0.562500 0.421875	0.578125 0.531250 0.406250
0.507812 0.562500 0.421875	0.578125 0.531250 0.406250
0.507812 0.562500 0.421875	0.578125 0.539062 0.406250
0.507812 0.562500 0.421875	0.578125 0.539062 0.398438
0.507812 0.562500 0.421875	0.578125 0.539062 0.398438
0.507812 0.562500 0.421875	0.578125 0.539062 0.398438
0.507812 0.562500 0.421875	0.578125 0.539062 0.398438
0.507812 0.562500 0.421875	0.578125 0.539062 0.398438
0.515625 0.562500 0.421875	0.578125 0.539062 0.398438
0.515625 0.578125 0.421875	0.578125 0.539062 0.398438
0.515625 0.578125 0.421875	0.578125 0.539062 0.398438
0.515625 0.578125 0.421875	0.593750 0.539062 0.398438
0.515625 0.578125 0.421875	0.593750 0.531250 0.398438
0.515625 0.578125 0.421875	0.593750 0.531250 0.390625
0.546875 0.578125 0.421875	0.593750 0.531250 0.390625
0.546875 0.578125 0.421875	0.593750 0.531250 0.390625
0.546875 0.578125 0.414062	0.593750 0.531250 0.390625
0.546875 0.578125 0.414062	0.617188 0.531250 0.390625
0.546875 0.578125 0.414062	0.617188 0.539062 0.390625
0.546875 0.578125 0.414062	0.617188 0.539062 0.382812
0.585938 0.578125 0.414062	0.617188 0.539062 0.382812
0.585938 0.585938 0.414062	0.617188 0.539062 0.382812
0.585938 0.585938 0.421875	0.617188 0.539062 0.382812
0.585938 0.585938 0.421875	0.640625 0.539062 0.382812
0.585938 0.585938 0.421875	0.640625 0.546875 0.382812
0.585938 0.585938 0.421875	0.640625 0.546875 0.390625
0.617188 0.585938 0.421875	0.640625 0.546875 0.390625
0.617188 0.593750 0.421875	0.640625 0.546875 0.390625
0.617188 0.593750 0.414062	0.640625 0.546875 0.390625
0.617188 0.593750 0.414062	0.679688 0.546875 0.390625
0.617188 0.593750 0.414062	0.679688 0.539062 0.390625
0.617188 0.593750 0.414062	0.679688 0.539062 0.382812
0.656250 0.593750 0.414062	0.679688 0.539062 0.382812
0.656250 0.585938 0.414062	0.679688 0.539062 0.382812
0.656250 0.585938 0.421875	0.679688 0.539062 0.382812
0.656250 0.585938 0.421875	0.710938 0.539062 0.382812
0.656250 0.585938 0.421875	0.710938 0.539062 0.382812
0.656250 0.585938 0.421875	0.710938 0.539062 0.398438
0.656250 0.585938 0.421875	0.710938 0.539062 0.398438
0.656250 0.585938 0.421875	0.710938 0.539062 0.398438
0.656250 0.585938 0.421875	0.710938 0.539062 0.398438
0.656250 0.585938 0.421875	0.710938 0.539062 0.398438
0.687500 0.585938 0.421875	0.710938 0.539062 0.398438
0.687500 0.585938 0.421875	0.710938 0.539062 0.398438
0.687500 0.585938 0.421875	0.710938 0.539062 0.398438
0.687500 0.585938 0.421875	0.742188 0.539062 0.398438
0.687500 0.585938 0.421875	0.742188 0.523438 0.398438
0.687500 0.585938 0.421875	0.742188 0.523438 0.390625
0.703125 0.585938 0.421875	0.742188 0.523438 0.390625
0.703125 0.578125 0.421875	0.742188 0.523438 0.390625
0.703125 0.578125 0.414062	0.742188 0.523438 0.390625
0.703125 0.578125 0.414062	0.757812 0.523438 0.390625
0.703125 0.578125 0.414062	0.757812 0.523438 0.390625
0.703125 0.578125 0.414062	0.757812 0.523438 0.390625
0.726562 0.578125 0.414062	0.757812 0.523438 0.390625
0.726562 0.562500 0.414062	0.757812 0.523438 0.390625
0.726562 0.562500 0.414062	0.757812 0.523438 0.390625
0.726562 0.562500 0.414062	0.789062 0.523438 0.390625
0.726562 0.562500 0.414062	0.789062 0.492188 0.390625
0.726562 0.562500 0.414062	0.789062 0.492188 0.390625
0.742188 0.562500 0.414062	0.789062 0.492188 0.390625
0.742188 0.554688 0.414062	0.789062 0.492188 0.390625
0.742188 0.554688 0.414062	0.789062 0.492188 0.390625
0.742188 0.554688 0.414062	0.789062 0.492188 0.390625
0.742188 0.554688 0.414062	0.789062 0.476562 0.390625
0.742188 0.554688 0.414062	0.789062 0.476562 0.382812
0.750000 0.554688 0.414062	0.789062 0.476562 0.382812
0.750000 0.523438 0.414062	0.789062 0.476562 0.382812
0.750000 0.523438 0.414062	0.789062 0.476562 0.382812
0.750000 0.523438 0.414062	0.804688 0.476562 0.382812
0.750000 0.523438 0.414062	0.804688 0.445312 0.382812
0.750000 0.523438 0.414062	0.804688 0.445312 0.382812
0.750000 0.523438 0.414062	0.804688 0.445312 0.382812
0.750000 0.523438 0.414062	0.804688 0.445312 0.382812
0.750000 0.523438 0.414062	0.804688 0.445312 0.382812
0.750000 0.523438 0.414062	0.804688 0.445312 0.382812
0.757812 0.523438 0.414062	0.804688 0.445312 0.382812
0.757812 0.507812 0.414062	0.804688 0.445312 0.382812
0.757812 0.507812 0.414062	0.804688 0.445312 0.382812
0.757812 0.507812 0.414062	0.812500 0.445312 0.382812
0.757812 0.507812 0.414062	0.812500 0.421875 0.382812
0.757812 0.507812 0.414062	0.812500 0.421875 0.390625
0.765625 0.507812 0.414062	0.812500 0.421875 0.390625
0.765625 0.476562 0.414062	0.812500 0.421875 0.390625
0.765625 0.476562 0.414062	0.812500 0.421875 0.390625
0.765625 0.476562 0.414062	0.820312 0.421875 0.390625
0.765625 0.476562 0.414062	0.820312 0.406250 0.390625
0.765625 0.476562 0.414062	0.820312 0.406250 0.398438
0.773438 0.476562 0.414062	0.820312 0.406250 0.398438
0.773438 0.453125 0.414062	0.820312 0.406250 0.398438
0.773438 0.453125 0.421875	0.820312 0.406250 0.398438
0.773438 0.453125 0.421875	0.820312 0.406250 0.398438
0.773438 0.453125 0.421875	0.820312 0.367188 0.398438
0.773438 0.453125 0.421875	0.820312 0.367188 0.398438
0.773438 0.453125 0.421875	0.820312 0.367188 0.398438
0.773438 0.429688 0.421875	0.820312 0.367188 0.398438
0.773438 0.429688 0.421875	0.820312 0.367188 0.398438
0.773438 0.429688 0.421875	0.828125 0.367188 0.398438
0.773438 0.429688 0.421875	0.828125 0.343750 0.398438
0.773438 0.429688 0.421875	0.828125 0.343750 0.398438
0.765625 0.429688 0.421875	0.828125 0.343750 0.398438
0.765625 0.398438 0.421875	0.828125 0.343750 0.398438
0.765625 0.398438 0.414062	0.828125 0.343750 0.398438
0.765625 0.398438 0.414062	0.820312 0.343750 0.398438
0.765625 0.398438 0.414062	0.820312 0.320312 0.398438
0.765625 0.398438 0.414062	0.820312 0.320312 0.398438
0.765625 0.398438 0.414062	0.820312 0.320312 0.398438
0.765625 0.398438 0.414062	0.820312 0.320312 0.398438
0.765625 0.398438 0.414062	0.820312 0.320312 0.398438
0.765625 0.398438 0.414062	0.820312 0.320312 0.398438
0.750000 0.398438 0.414062	0.820312 0.320312 0.398438
0.750000 0.359375 0.414062	0.820312 0.320312 0.398438
0.750000 0.359375 0.421875	0.820312 0.320312 0.398438
0.750000 0.359375 0.421875	0.804688 0.320312 0.398438
0.750000 0.359375 0.421875	0.804688 0.281250 0.398438
0.750000 0.359375 0.421875	0.804688 0.281250 0.406250
0.726562 0.359375 0.421875	0.804688 0.281250 0.406250
0.726562 0.328125 0.421875	0.804688 0.281250 0.406250
0.726562 0.328125 0.406250	0.804688 0.281250 0.406250
0.726562 0.328125 0.406250	0.773438 0.281250 0.406250
0.726562 0.328125 0.406250	0.773438 0.265625 0.406250
0.726562 0.328125 0.406250	0.773438 0.265625 0.414062
0.695312 0.328125 0.406250	0.773438 0.265625 0.414062
0.695312 0.304688 0.406250	0.773438 0.265625 0.414062
0.695312 0.304688 0.421875	0.773438 0.265625 0.414062
0.695312 0.304688 0.421875	0.742188 0.265625 0.414062
0.695312 0.304688 0.421875	0.742188 0.234375 0.414062
0.695312 0.304688 0.421875	0.742188 0.234375 0.414062
0.640625 0.304688 0.421875	0.742188 0.234375 0.414062
0.640625 0.273438 0.421875	0.742188 0.234375 0.414062
0.640625 0.273438 0.421875	0.742188 0.234375 0.414062
0.640625 0.273438 0.421875	0.695312 0.234375 0.414062
0.640625 0.273438 0.421875	0.695312 0.210938 0.414062
0.640625 0.273438 0.421875	0.695312 0.210938 0.414062
0.585938 0.273438 0.421875	0.695312 0.210938 0.414062
0.585938 0.242188 0.421875	0.695312 0.210938 0.414062
0.585938 0.242188 0.421875	0.695312 0.210938 0.414062
0.585938 0.242188 0.421875	0.632812 0.210938 0.414062
0.585938 0.242188 0.421875	0.632812 0.195312 0.414062
0.585938 0.242188 0.421875	0.632812 0.195312 0.414062
0.585938 0.242188 0.421875	0.632812 0.195312 0.414062
0.585938 0.242188 0.421875	0.632812 0.195312 0.414062
0.585938 0.242188 0.421875	0.632812 0.195312 0.414062
0.585938 0.242188 0.421875	0.632812 0.195312 0.414062
0.523438 0.242188 0.421875	0.632812 0.195312 0.414062
0.523438 0.234375 0.421875	0.632812 0.195312 0.414062
0.523438 0.234375 0.398438	0.632812 0.195312 0.414062
0.523438 0.234375 0.398438	0.585938 0.195312 0.414062
0.523438 0.234375 0.398438	0.585938 0.164062 0.414062
0.523438 0.234375 0.398438	0.585938 0.164062 0.421875
0.468750 0.234375 0.398438	0.585938 0.164062 0.421875
0.468750 0.203125 0.398438	0.585938 0.164062 0.421875
0.468750 0.203125 0.414062	0.585938 0.164062 0.421875
0.468750 0.203125 0.414062	0.531250 0.164062 0.421875
0.468750 0.203125 0.414062	0.531250 0.132812 0.421875
0.468750 0.203125 0.414062	0.531250 0.132812 0.421875
0.421875 0.203125 0.414062	0.531250 0.132812 0.421875
0.421875 0.171875 0.414062	0.531250 0.132812 0.421875
0.421875 0.171875 0.414062	0.531250 0.132812 0.421875
0.421875 0.171875 0.414062	0.484375 0.132812 0.421875
0.421875 0.171875 0.414062	0.484375 0.117188 0.421875
0.421875 0.171875 0.414062	0.484375 0.117188 0.406250
0.390625 0.171875 0.414062	0.484375 0.117188 0.406250
0.390625 0.164062 0.414062	0.484375 0.117188 0.406250
0.390625 0.164062 0.398438	0.484375 0.117188 0.406250
0.390625 0.164062 0.398438	0.453125 0.117188 0.406250
0.390625 0.164062 0.398438	0.453125 0.117188 0.406250
0.390625 0.164062 0.398438	0.453125 0.117188 0.414062
0.367188 0.164062 0.398438	0.453125 0.117188 0.414062
0.367188 0.171875 0.398438	0.453125 0.117188 0.414062
0.367188 0.171875 0.398438	0.453125 0.117188 0.414062
0.367188 0.171875 0.398438	0.437500 0.117188 0.414062
0.367188 0.171875 0.398438	0.437500 0.117188 0.414062
0.367188 0.171875 0.398438	0.437500 0.117188 0.414062
0.367188 0.171875 0.398438	0.437500 0.117188 0.414062
0.367188 0.171875 0.398438	0.437500 0.117188 0.414062
0.367188 0.171875 0.398438	0.437500 0.117188 0.414062
0.367188 0.171875 0.398438	0.437500 0.117188 0.414062
0.359375 0.171875 0.398438	0.437500 0.117188 0.414062
0.359375 0.171875 0.398438	0.437500 0.117188 0.414062
0.359375 0.171875 0.398438	0.437500 0.117188 0.414062
0.359375 0.171875 0.398438	0.429688 0.117188 0.414062
0.359375 0.171875 0.398438	0.429688 0.125000 0.414062
0.359375 0.171875 0.398438	0.429688 0.125000 0.421875
0.359375 0.171875 0.398438	0.429688 0.125000 0.421875
0.359375 0.156250 0.398438	0.429688 0.125000 0.421875
0.359375 0.156250 0.398438	0.429688 0.125000 0.421875
0.359375 0.156250 0.398438	0.429688 0.125000 0.421875
0.359375 0.156250 0.398438	0.429688 0.117188 0.421875
0.359375 0.156250 0.398438	0.429688 0.117188 0.421875
0.359375 0.156250 0.398438	0.429688 0.117188 0.421875
0.359375 0.164062 0.398438	0.429688 0.117188 0.421875
0.359375 0.164062 0.406250	0.429688 0.117188 0.421875
0.359375 0.164062 0.406250	0.429688 0.117188 0.421875
0.359375 0.164062 0.406250	0.429688 0.117188 0.421875
0.359375 0.164062 0.406250	0.429688 0.117188 0.421875
0.359375 0.164062 0.406250	0.429688 0.117188 0.421875
0.359375 0.164062 0.406250	0.429688 0.117188 0.421875
0.359375 0.164062 0.406250	0.429688 0.117188 0.421875
0.359375 0.164062 0.406250	0.429688 0.117188 0.421875
0.359375 0.164062 0.406250	0.429688 0.117188 0.421875
0.359375 0.164062 0.406250	0.429688 0.117188 0.421875
0.359375 0.164062 0.406250	0.429688 0.117188 0.421875
0.359375 0.164062 0.406250	0.429688 0.117188 0.421875
0.359375 0.164062 0.406250	0.429688 0.117188 0.421875
0.359375 0.164062 0.406250	0.429688 0.117188 0.421875
0.359375 0.164062 0.406250	0.429688 0.109375 0.421875
0.359375 0.164062 0.406250	0.429688 0.109375 0.421875
0.359375 0.164062 0.406250	0.429688 0.109375 0.421875
0.359375 0.164062 0.406250	0.429688 0.109375 0.421875
0.359375 0.164062 0.406250	0.429688 0.109375 0.421875
0.359375 0.164062 0.406250	0.429688 0.109375 0.421875
0.351562 0.164062 0.406250	0.429688 0.109375 0.421875
0.351562 0.148438 0.406250	0.429688 0.109375 0.421875
0.351562 0.148438 0.406250	0.429688 0.109375 0.421875
0.351562 0.148438 0.406250	0.437500 0.109375 0.421875
0.351562 0.148438 0.406250	0.437500 0.109375 0.421875
0.351562 0.148438 0.406250	0.437500 0.109375 0.421875
0.359375 0.148438 0.406250	0.437500 0.109375 0.421875
0.359375 0.164062 0.406250	0.437500 0.109375 0.421875
0.359375 0.164062 0.406250	0.437500 0.109375 0.421875
0.359375 0.164062 0.406250	0.429688 0.109375 0.421875
0.359375 0.164062 0.406250	0.429688 0.125000 0.421875
0.359375 0.164062 0.406250	0.429688 0.125000 0.414062
0.367188 0.164062 0.406250	0.429688 0.125000 0.414062
0.367188 0.164062 0.406250	0.429688 0.125000 0.414062
0.367188 0.164062 0.406250	0.429688 0.125000 0.414062
0.367188 0.164062 0.406250	0.429688 0.125000 0.414062
0.367188 0.164062 0.406250	0.429688 0.101562 0.414062
0.367188 0.164062 0.406250	0.429688 0.101562 0.406250
0.359375 0.164062 0.406250	0.429688 0.101562 0.406250
0.359375 0.171875 0.406250	0.429688 0.101562 0.406250
0.359375 0.171875 0.398438	0.429688 0.101562 0.406250
0.359375 0.171875 0.398438	0.437500 0.101562 0.406250
0.359375 0.171875 0.398438	0.437500 0.132812 0.406250
0.359375 0.171875 0.398438	0.437500 0.132812 0.398438
0.367188 0.171875 0.398438	0.437500 0.132812 0.398438
0.367188 0.171875 0.398438	0.437500 0.132812 0.398438
0.367188 0.171875 0.382812	0.437500 0.132812 0.398438
0.367188 0.171875 0.382812	0.445312 0.132812 0.398438
0.367188 0.171875 0.382812	0.445312 0.140625 0.398438
0.367188 0.171875 0.382812	0.445312 0.140625 0.367188
0.367188 0.171875 0.382812	0.445312 0.140625 0.367188
0.367188 0.171875 0.382812	0.445312 0.140625 0.367188
0.367188 0.171875 0.382812	0.445312 0.140625 0.367188
0.367188 0.171875 0.382812	0.445312 0.140625 0.367188
0.359375 0.171875 0.382812	0.445312 0.140625 0.367188
0.359375 0.179688 0.382812	0.445312 0.140625 0.367188
0.359375 0.179688 0.328125	0.445312 0.140625 0.367188
0.359375 0.179688 0.328125	0.437500 0.140625 0.367188
0.359375 0.179688 0.328125	0.437500 0.164062 0.367188
0.359375 0.179688 0.328125	0.437500 0.164062 0.320312
0.367188 0.179688 0.328125	0.437500 0.164062 0.320312
0.367188 0.250000 0.328125	0.437500 0.164062 0.320312
